162.03169499999998
186.03169499999998
192.04225999999997
202.02660999999998
216.04225999999997
230.09429499999996
244.10994499999995
246.05282499999996
246.08920999999992
246.08920999999995
270.0892100000003
286.0841250000003
288.09977500000036
300.0997750000004
316.0946900000004
328.13107500000046
334.10525500000045
354.1467250000005
360.0845200000004
360.15729000000056
366.21949500000073
374.1365550000005
376.15220500000055
378.1678550000006
386.1365550000005
388.15220500000055
402.1314700000005
414.1678550000006
414.2042400000007
426.1678550000006
426.16785500000066
428.18350500000065
518.2304550000008
546.2617550000009
574.293055000001
